000000
000002
000003
000005
000006
000008
000010
000013
000019
000020
000021
000022
000025
000026
000028
000029
000030
000031
000032
000034
000039
000040
000041
000045
000050
000053
000054
000055
000057
000058
000061
000062
000063
000066
000069
000070
000074
000075
000077
000078
000082
000083
000084
000086
000088
000089
000090
000094
000096
000099
000102
000103
000107
000109
000110
000112
000113
000115
000116
000117
000119
000120
000126
000129
000130
000133
000136
000140
000152
000153
000156
000157
000163
000169
000173
000174
000175
000176
000180
000181
000182
000183
000185
000187
000188
000189
000193
000194
000196
000198
000199
000201
000206
000208
000209
000210
000211
000212
000213
000214
000215
000217
000223
000224
000226
000227
000232
000233
000239
000240
000241
000242
000243
000244
000245
000247
000250
000252
000259
000261
000262
000263
000266
000269
000272
000278
000279
000280
000282
000283
000284
000288
000290
000291
000293
000294
000298
000299
000302
000304
000305
000309
000311
000312
000313
000314
000315
000317
000318
000320
000321
000323
000324
000327
000328
000331
000335
000337
000338
000340
000343
000346
000352
000353
000354
000355
000356
000358
000362
000365
000368
000370
000373
000375
000377
000381
000382
000385
000390
000392
000393
000395
000396
000397
000398
000401
000402
000403
000407
000408
000414
000415
000417
000418
000420
000424
000425
000426
000428
000430
000431
000435
000436
000439
000441
000442
000443
000444
000446
000450
000455
000456
000458
000459
000460
000461
000463
000464
000465
000466
000467
000470
000472
000473
000474
000476
000477
000478
000485
000491
000493
000497
000498
000499
000504
000505
000507
000509
000510
000511
000517
000519
000520
000523
000526
000528
000529
000530
000531
000532
000534
000537
000539
000541
000543
000544
000545
000546
000547
000548
000549
000550
000552
000554
000556
000557
000563
000564
000566
000567
000568
000570
000573
000574
000575
000577
000578
000579
000580
000581
000584
000587
000588
000590
000597
000598
000603
000604
000606
000608
000609
000612
000614
000615
000616
000619
000620
000621
000622
000623
000624
000626
000627
000629
000633
000634
000637
000639
000640
000641
000644
000645
000646
000648
000649
000656
000660
000662
000664
000665
000666
000667
000668
000670
000671
000672
000673
000676
000677
000678
000680
000681
000682
000686
000688
000689
000690
000691
000692
000693
000694
000695
000696
000697
000698
000701
000703
000704
000706
000707
000709
000710
000711
000714
000717
000719
000721
000726
000728
000729
000730
000734
000736
000737
000738
000740
000744
000746
000751
000753
000754
000757
000759
000760
000761
000766
000769
000770
000774
000775
000776
000777
000778
000779
000781
000782
000783
000784
000786
000789
000790
000791
000793
000801
000806
000809
000810
000817
000818
000821
000822
000823
000824
000825
000827
000828
000831
000834
000835
000838
000839
000841
000842
000844
000845
000849
000851
000852
000856
000858
000859
000860
000862
000863
000864
000865
000866
000867
000875
000880
000883
000884
000885
000887
000888
000889
000891
000894
000895
000898
000900
000901
000903
000905
000907
000909
000912
000913
000915
000920
000921
000922
000925
000926
000927
000930
000934
000941
000944
000945
000947
000950
000951
000952
000953
000954
000955
000957
000958
000969
000973
000976
000977
000978
000981
000983
000986
000987
000989
000990
000991
000994
000995
000996
000997
001000
001001
001002
001003
001005
001006
001007
001009
001010
001011
001012
001014
001017
001018
001019
001020
001024
001025
001026
001028
001029
001031
001033
001034
001035
001036
001037
001038
001040
001041
001042
001044
001048
001051
001055
001057
001059
001061
001062
001065
001066
001067
001073
001074
001077
001078
001079
001084
001085
001086
001087
001088
001089
001090
001091
001092
001096
001097
001099
001105
001107
001108
001110
001112
001113
001114
001116
001119
001120
001121
001122
001123
001124
001125
001126
001127
001129
001130
001134
001135
001141
001142
001144
001146
001147
001151
001153
001155
001156
001160
001161
001163
001164
001166
001169
001170
001174
001176
001178
001179
001180
001181
001182
001183
001185
001187
001189
001190
001191
001192
001196
001197
001201
001203
001204
001205
001206
001208
001210
001212
001214
001215
001217
001219
001220
001221
001222
001223
001224
001228
001231
001233
001234
001235
001237
001238
001239
001240
001241
001242
001246
001249
001250
001253
001254
001256
001258
001259
001260
001261
001265
001268
001271
001272
001273
001274
001277
001279
001282
001283
001284
001285
001288
001293
001294
001297
001299
001300
001302
001309
001312
001314
001315
001323
001324
001325
001327
001328
001332
001333
001335
001336
001337
001338
001339
001342
001343
001344
001348
001353
001354
001357
001358
001360
001361
001362
001364
001365
001367
001369
001372
001374
001375
001376
001377
001379
001380
001381
001382
001384
001386
001389
001391
001392
001394
001395
001397
001400
001406
001411
001412
001415
001416
001417
001418
001421
001422
001423
001425
001427
001428
001431
001432
001433
001434
001437
001440
001441
001443
001444
001445
001448
001449
001451
001453
001456
001458
001460
001462
001473
001474
001475
001476
001477
001478
001482
001486
001487
001489
001492
001493
001494
001495
001496
001497
001500
001502
001508
001509
001512
001513
001519
001520
001521
001526
001529
001531
001535
001540
001541
001544
001545
001547
001548
001550
001551
001552
001553
001554
001555
001557
001558
001559
001560
001561
001562
001563
001566
001567
001568
001570
001571
001573
001574
001575
001578
001579
001581
001582
001583
001584
001585
001586
001587
001589
001590
001591
001592
001593
001594
001596
001597
001598
001599
001601
001605
001606
001609
001610
001611
001614
001615
001618
001619
001620
001623
001626
001629
001631
001632
001633
001635
001636
001638
001642
001643
001645
001647
001649
001650
001651
001653
001654
001655
001656
001657
001662
001664
001665
001666
001668
001669
001670
001673
001676
001677
001678
001679
001680
001683
001689
001692
001694
001695
001698
001699
001700
001702
001703
001706
001709
001710
001720
001721
001723
001724
001725
001728
001729
001731
001732
001733
001734
001735
001736
001739
001740
001743
001746
001748
001749
001754
001757
001758
001761
001765
001768
001769
001771
001772
001773
001775
001777
001778
001779
001780
001781
001782
001783
001789
001796
001797
001800
001801
001804
001805
001809
001811
001815
001817
001819
001820
001821
001823
001825
001826
001827
001829
001830
001831
001832
001833
001834
001835
001838
001839
001845
001846
001848
001849
001852
001856
001860
001862
001864
001865
001866
001867
001868
001872
001878
001879
001882
001883
001886
001887
001894
001897
001898
001899
001900
001901
001902
001903
001904
001905
001911
001912
001919
001922
001923
001924
001926
001927
001929
001932
001938
001939
001941
001944
001946
001947
001948
001949
001953
001955
001957
001958
001960
001966
001968
001969
001970
001971
001974
001977
001980
001982
001983
001984
001985
001993
001994
001995
001996
001998
001999
002001
002002
002003
002004
002009
002016
002019
002020
002022
002023
002026
002027
002028
002029
002030
002031
002033
002034
002035
002036
002039
002041
002043
002048
002049
002050
002051
002053
002054
002055
002057
002058
002059
002061
002062
002063
002064
002067
002068
002069
002072
002075
002077
002078
002079
002080
002081
002087
002089
002090
002093
002098
002099
002100
002101
002102
002103
002105
002106
002107
002108
002109
002111
002112
002116
002117
002118
002119
002120
002122
002127
002128
002129
002130
002131
002132
002134
002135
002136
002137
002138
002143
002144
002145
002146
002148
002150
002152
002153
002156
002158
002159
002162
002164
002167
002168
002169
002174
002178
002179
002183
002184
002185
002191
002192
002193
002195
002196
002198
002199
002200
002203
002204
002208
002211
002213
002214
002216
002218
002220
002222
002226
002227
002232
002233
002234
002235
002236
002237
002239
002240
002244
002246
002247
002249
002250
002252
002254
002255
002256
002257
002263
002265
002267
002268
002269
002270
002271
002272
002273
002274
002276
002277
002287
002288
002289
002294
002296
002299
002300
002303
002306
002310
002312
002313
002316
002320
002321
002323
002324
002326
002327
002329
002330
002334
002335
002340
002342
002343
002345
002350
002352
002354
002355
002357
002358
002359
002360
002361
002364
002365
002366
002367
002368
002372
002373
002374
002376
002378
002380
002382
002383
002384
002389
002390
002392
002394
002398
002399
002400
002401
002402
002403
002404
002405
002406
002407
002408
002409
002410
002411
002412
002413
002414
002415
002416
002418
002419
002421
002422
002423
002424
002428
002429
002430
002431
002437
002438
002439
002441
002442
002443
002445
002447
002449
002450
002453
002454
002455
002456
002457
002460
002462
002463
002468
002469
002476
002478
002479
002482
002484
002485
002488
002489
002490
002491
002493
002494
002495
002497
002498
002499
002500
002503
002504
002507
002509
002511
002512
002513
002514
002515
002516
002518
002522
002523
002524
002528
002529
002534
002539
002541
002543
002544
002545
002549
002550
002551
002553
002554
002555
002558
002559
002560
002562
002564
002566
002567
002568
002570
002575
002579
002582
002585
002586
002589
002590
002591
002592
002593
002594
002597
002601
002602
002605
002606
002608
002610
002611
002612
002615
002617
002618
002620
002621
002624
002629
002633
002636
002637
002638
002641
002643
002647
002648
002651
002655
002657
002658
002660
002664
002667
002669
002670
002671
002673
002675
002676
002677
002680
002684
002685
002686
002687
002689
002693
002695
002696
002697
002698
002700
002701
002705
002710
002716
002718
002719
002723
002726
002727
002728
002729
002730
002732
002733
002735
002736
002737
002739
002741
002743
002745
002746
002750
002751
002756
002757
002763
002766
002767
002769
002770
002772
002773
002774
002776
002777
002780
002781
002783
002784
002785
002786
002787
002788
002789
002790
002795
002797
002798
002799
002801
002805
002806
002808
002810
002811
002812
002813
002815
002817
002820
002824
002826
002827
002829
002830
002831
002837
002839
002841
002842
002845
002846
002849
002852
002853
002854
002855
002856
002857
002858
002860
002861
002862
002863
002865
002868
002869
002872
002875
002876
002877
002878
002879
002880
002881
002882
002884
002886
002887
002888
002890
002893
002895
002896
002897
002898
002900
002902
002903
002904
002905
002906
002908
002911
002912
002916
002918
002920
002921
002927
002928
002929
002931
002934
002935
002937
002938
002941
002942
002945
002948
002949
002952
002955
002956
002957
002958
002959
002962
002967
002968
002969
002970
002971
002972
002974
002975
002976
002978
002982
002983
002984
002986
002989
002993
002994
002995
002996
002997
003001
003002
003004
003006
003010
003011
003012
003014
003016
003019
003021
003022
003024
003026
003028
003030
003032
003034
003038
003043
003044
003045
003049
003052
003053
003059
003060
003061
003062
003063
003064
003066
003067
003068
003069
003072
003073
003075
003076
003077
003078
003079
003080
003081
003082
003083
003085
003087
003090
003092
003093
003094
003098
003099
003100
003101
003102
003103
003104
003105
003109
003110
003113
003115
003117
003119
003121
003122
003123
003127
003128
003130
003134
003135
003144
003145
003147
003150
003153
003155
003158
003161
003162
003164
003166
003167
003168
003170
003171
003174
003175
003176
003177
003180
003182
003185
003186
003188
003190
003193
003196
003197
003198
003202
003204
003205
003208
003209
003211
003213
003215
003218
003219
003220
003221
003223
003225
003226
003228
003234
003240
003241
003242
003243
003247
003248
003252
003254
003255
003257
003258
003261
003263
003265
003266
003267
003268
003269
003270
003271
003274
003277
003279
003280
003281
003283
003284
003287
003288
003291
003292
003295
003297
003299
003303
003307
003308
003310
003312
003313
003315
003316
003319
003320
003321
003324
003325
003326
003327
003328
003330
003331
003332
003333
003337
003339
003342
003346
003348
003349
003350
003352
003355
003357
003358
003370
003373
003374
003375
003376
003381
003383
003384
003386
003387
003389
003392
003394
003395
003399
003400
003405
003406
003407
003408
003410
003411
003413
003414
003416
003417
003420
003421
003423
003424
003430
003432
003433
003435
003436
003437
003439
003443
003444
003445
003446
003448
003449
003451
003452
003454
003456
003457
003460
003461
003463
003467
003474
003476
003478
003481
003482
003483
003490
003491
003497
003503
003504
003506
003510
003512
003514
003515
003516
003517
003518
003520
003521
003523
003524
003526
003529
003532
003533
003536
003540
003541
003542
003543
003546
003547
003555
003557
003559
003560
003565
003567
003569
003570
003571
003573
003575
003576
003577
003578
003579
003581
003582
003584
003587
003588
003590
003591
003592
003593
003595
003596
003604
003607
003610
003613
003615
003617
003618
003620
003621
003623
003624
003625
003628
003631
003633
003634
003635
003636
003637
003638
003640
003647
003648
003649
003653
003656
003658
003660
003661
003662
003665
003667
003669
003670
003671
003672
003674
003675
003676
003677
003681
003685
003691
003693
003694
003696
003699
003700
003703
003704
003705
003707
003709
003711
003712
003717
003721
003724
003731
003732
003733
003734
003736
003737
003738
003741
003742
003746
003747
003748
003749
003755
003756
003760
003761
003762
003764
003766
003768
003770
003771
003772
003773
003774
003777
003778
003779
003780
003782
003783
003786
003787
003789
003793
003795
003796
003797
003798
003799
003800
003802
003803
003806
003808
003810
003811
003817
003819
003820
003821
003822
003823
003825
003828
003829
003830
003831
003833
003835
003836
003837
003838
003840
003842
003843
003847
003849
003851
003852
003853
003855
003857
003858
003859
003860
003862
003864
003867
003874
003875
003877
003879
003881
003882
003883
003885
003888
003889
003892
003893
003894
003895
003898
003901
003903
003904
003905
003907
003908
003909
003911
003913
003915
003918
003920
003922
003926
003927
003928
003932
003938
003941
003946
003947
003951
003953
003954
003956
003957
003961
003962
003965
003967
003969
003970
003971
003974
003975
003978
003981
003982
003983
003984
003985
003986
003988
003989
003990
003997
003998
004004
004005
004007
004008
004012
004014
004015
004019
004021
004023
004025
004026
004033
004034
004036
004038
004043
004044
004045
004047
004049
004050
004051
004052
004053
004059
004060
004063
004066
004067
004072
004073
004076
004078
004079
004085
004087
004091
004092
004093
004095
004096
004099
004102
004103
004106
004109
004110
004111
004112
004114
004115
004116
004118
004122
004123
004125
004128
004130
004136
004143
004146
004147
004151
004154
004157
004158
004159
004160
004162
004163
004164
004165
004166
004167
004168
004171
004172
004174
004176
004178
004180
004183
004184
004188
004189
004192
004193
004196
004199
004203
004205
004206
004207
004208
004211
004213
004219
004222
004224
004225
004226
004228
004229
004230
004231
004232
004233
004234
004237
004238
004239
004240
004241
004242
004246
004247
004249
004250
004251
004252
004253
004258
004260
004261
004262
004263
004266
004268
004272
004276
004280
004281
004290
004292
004293
004294
004298
004299
004301
004302
004305
004306
004307
004308
004309
004310
004311
004312
004316
004320
004323
004324
004325
004326
004331
004333
004337
004339
004344
004345
004346
004347
004348
004350
004352
004355
004356
004357
004360
004361
004363
004366
004367
004368
004369
004370
004372
004373
004375
004380
004385
004386
004389
004390
004391
004393
004395
004398
004399
004400
004401
004405
004409
004410
004412
004418
004420
004421
004423
004424
004426
004427
004428
004429
004430
004432
004434
004437
004438
004439
004440
004442
004444
004445
004446
004449
004450
004451
004452
004455
004457
004458
004461
004462
004463
004464
004465
004467
004468
004469
004470
004471
004472
004476
004478
004482
004483
004484
004486
004488
004489
004491
004492
004493
004494
004495
004496
004497
004498
004500
004502
004503
004505
004507
004508
004509
004513
004514
004516
004518
004520
004521
004523
004524
004526
004529
004531
004535
004536
004538
004540
004541
004542
004543
004544
004545
004546
004549
004550
004551
004552
004554
004559
004564
004566
004570
004571
004572
004575
004579
004580
004583
004584
004587
004589
004592
004593
004594
004595
004597
004598
004600
004601
004605
004606
004608
004613
004618
004619
004620
004622
004624
004627
004628
004632
004633
004634
004636
004638
004640
004642
004643
004646
004650
004651
004653
004655
004660
004662
004663
004664
004666
004667
004672
004674
004676
004678
004679
004681
004684
004685
004688
004689
004691
004695
004696
004700
004701
004703
004710
004711
004713
004716
004717
004719
004721
004723
004724
004727
004731
004732
004733
004734
004739
004741
004748
004749
004750
004751
004755
004760
004761
004762
004763
004764
004765
004767
004768
004771
004773
004777
004778
004780
004782
004783
004785
004786
004787
004789
004790
004793
004794
004795
004797
004798
004800
004802
004803
004805
004807
004811
004812
004813
004814
004815
004816
004817
004818
004820
004822
004826
004829
004830
004831
004834
004841
004842
004844
004845
004846
004847
004848
004849
004851
004853
004854
004856
004861
004865
004868
004869
004870
004871
004873
004874
004877
004878
004879
004881
004882
004887
004888
004889
004890
004892
004895
004896
004900
004901
004902
004903
004904
004905
004909
004911
004912
004913
004915
004916
004918
004920
004925
004930
004931
004932
004933
004934
004935
004937
004938
004939
004940
004942
004943
004946
004948
004949
004951
004953
004958
004959
004961
004962
004966
004967
004970
004972
004973
004974
004975
004976
004977
004979
004980
004984
004986
004988
004990
004994
004996
004997
005000
005001
005003
005004
005005
005006
005007
005010
005014
005016
005017
005018
005020
005021
005022
005024
005026
005029
005030
005031
005032
005033
005034
005035
005036
005037
005038
005040
005042
005044
005045
005049
005050
005051
005052
005054
005057
005059
005066
005072
005076
005078
005079
005084
005085
005087
005089
005090
005091
005095
005099
005100
005103
005104
005105
005106
005107
005109
005111
005115
005120
005121
005122
005124
005126
005127
005128
005129
005130
005131
005135
005136
005139
005140
005142
005144
005145
005150
005152
005154
005156
005157
005160
005161
005162
005165
005172
005173
005175
005178
005179
005180
005183
005184
005185
005186
005188
005189
005190
005192
005193
005197
005198
005199
005202
005206
005207
005208
005212
005216
005218
005219
005221
005223
005224
005225
005227
005230
005231
005233
005241
005243
005247
005251
005252
005255
005257
005259
005265
005266
005267
005269
005274
005276
005279
005280
005283
005285
005286
005289
005290
005291
005292
005293
005295
005296
005300
005301
005304
005305
005306
005307
005310
005315
005317
005319
005324
005327
005329
005330
005332
005333
005335
005340
005341
005345
005346
005347
005349
005350
005351
005358
005359
005361
005365
005367
005368
005371
005372
005376
005379
005381
005385
005386
005387
005388
005389
005392
005393
005394
005395
005397
005398
005399
005401
005404
005406
005407
005408
005409
005410
005411
005415
005416
005417
005418
005420
005421
005422
005423
005424
005425
005426
005427
005429
005432
005433
005435
005438
005439
005440
005441
005442
005443
005445
005446
005449
005450
005456
005458
005459
005461
005463
005464
005465
005466
005470
005477
005478
005479
005480
005481
005485
005486
005487
005488
005489
005490
005492
005493
005494
005499
005500
005504
005513
005514
005515
005519
005524
005526
005527
005529
005530
005531
005533
005534
005535
005537
005539
005540
005541
005546
005547
005550
005551
005554
005556
005559
005560
005563
005564
005567
005570
005574
005576
005577
005578
005580
005583
005584
005585
005586
005588
005589
005590
005591
005593
005594
005595
005596
005597
005599
005600
005601
005602
005605
005606
005607
005610
005611
005613
005614
005616
005618
005622
005624
005625
005627
005628
005629
005630
005631
005632
005636
005637
005639
005641
005643
005644
005647
005648
005655
005657
005659
005660
005662
005664
005665
005669
005670
005672
005673
005677
005678
005679
005683
005684
005686
005687
005689
005690
005694
005695
005696
005697
005698
005699
005701
005707
005708
005710
005711
005716
005722
005723
005724
005729
005730
005731
005732
005733
005735
005736
005740
005741
005744
005745
005746
005747
005749
005755
005757
005759
005760
005761
005762
005764
005765
005766
005767
005768
005769
005771
005772
005775
005777
005778
005779
005781
005783
005784
005789
005793
005794
005797
005799
005800
005801
005802
005803
005804
005805
005806
005808
005817
005818
005819
005820
005821
005822
005823
005825
005826
005828
005829
005830
005832
005835
005836
005842
005843
005844
005845
005847
005850
005851
005854
005862
005863
005864
005865
005867
005869
005870
005875
005876
005877
005879
005880
005881
005883
005884
005885
005887
005888
005889
005890
005894
005895
005896
005897
005898
005899
005901
005902
005903
005904
005906
005907
005917
005918
005919
005924
005928
005930
005931
005933
005934
005936
005937
005940
005941
005942
005943
005946
005947
005948
005951
005953
005954
005955
005956
005958
005960
005961
005962
005964
005966
005967
005969
005970
005972
005973
005974
005975
005976
005977
005978
005979
005980
005982
005989
005990
005992
005993
005994
005996
005999
006002
006005
006006
006009
006013
006014
006015
006016
006017
006018
006019
006020
006021
006022
006025
006026
006027
006028
006029
006030
006031
006034
006035
006037
006039
006043
006044
006050
006051
006052
006053
006055
006056
006057
006058
006060
006061
006062
006065
006066
006073
006074
006075
006076
006077
006085
006086
006087
006089
006090
006091
006093
006094
006095
006096
006097
006098
006099
006101
006103
006105
006107
006110
006113
006114
006115
006117
006120
006124
006125
006126
006128
006129
006131
006132
006135
006140
006142
006143
006146
006147
006149
006150
006151
006152
006155
006156
006157
006158
006159
006161
006163
006164
006166
006167
006169
006170
006171
006178
006180
006181
006182
006183
006184
006185
006186
006187
006188
006191
006192
006193
006194
006195
006197
006198
006199
006200
006201
006206
006209
006214
006215
006216
006218
006221
006222
006223
006226
006227
006228
006230
006231
006233
006234
006237
006240
006242
006243
006244
006246
006251
006257
006258
006259
006261
006266
006269
006270
006271
006273
006274
006275
006278
006283
006284
006285
006292
006294
006299
006301
006302
006303
006304
006305
006306
006308
006310
006311
006315
006317
006319
006321
006322
006324
006325
006329
006332
006333
006336
006337
006338
006341
006342
006346
006347
006348
006349
006350
006351
006353
006354
006355
006356
006357
006359
006360
006365
006368
006370
006371
006372
006373
006378
006379
006381
006382
006383
006388
006391
006392
006393
006397
006398
006399
006401
006404
006406
006408
006411
006416
006425
006426
006429
006430
006434
006435
006440
006445
006448
006451
006454
006455
006458
006460
006462
006466
006468
006471
006472
006474
006479
006480
006483
006485
006486
006487
006489
006490
006493
006494
006502
006504
006506
006509
006510
006514
006515
006516
006518
006519
006520
006521
006522
006525
006526
006527
006530
006531
006532
006534
006535
006537
006538
006539
006540
006541
006547
006548
006549
006550
006552
006553
006554
006556
006558
006560
006563
006566
006568
006572
006573
006575
006576
006579
006581
006584
006585
006588
006591
006592
006594
006596
006597
006598
006599
006600
006601
006602
006606
006607
006611
006612
006617
006618
006620
006621
006622
006628
006629
006630
006632
006638
006641
006644
006646
006647
006648
006652
006653
006654
006656
006657
006659
006660
006661
006662
006663
006664
006665
006666
006669
006671
006672
006674
006675
006676
006677
006678
006679
006683
006685
006686
006687
006688
006690
006692
006694
006695
006697
006699
006701
006705
006706
006707
006709
006710
006720
006722
006725
006727
006731
006732
006734
006735
006739
006742
006746
006748
006749
006750
006751
006752
006753
006754
006755
006758
006763
006764
006765
006767
006769
006772
006774
006776
006778
006783
006784
006787
006793
006795
006796
006797
006798
006799
006802
006804
006806
006807
006808
006812
006816
006817
006819
006821
006822
006824
006830
006831
006833
006834
006835
006837
006839
006843
006845
006850
006860
006861
006864
006866
006867
006868
006869
006871
006873
006875
006878
006879
006880
006881
006882
006885
006888
006890
006891
006892
006894
006896
006897
006898
006899
006900
006901
006903
006905
006909
006914
006916
006917
006919
006920
006921
006930
006931
006934
006935
006936
006938
006940
006941
006942
006945
006947
006949
006951
006955
006963
006965
006966
006967
006968
006972
006976
006977
006979
006981
006982
006983
006986
006987
006988
006990
006992
006994
006996
007000
007002
007003
007004
007005
007009
007010
007017
007021
007023
007024
007025
007027
007028
007032
007033
007034
007035
007036
007037
007039
007040
007045
007047
007048
007050
007051
007053
007054
007057
007059
007060
007062
007063
007064
007065
007067
007068
007069
007072
007073
007074
007075
007076
007077
007080
007081
007082
007084
007085
007088
007089
007090
007091
007093
007095
007097
007104
007106
007108
007110
007111
007112
007115
007117
007123
007126
007131
007132
007137
007138
007140
007143
007144
007145
007147
007148
007149
007150
007151
007153
007154
007155
007158
007159
007165
007166
007169
007170
007172
007173
007175
007176
007177
007178
007181
007182
007185
007186
007187
007188
007190
007191
007194
007198
007208
007209
007212
007214
007215
007216
007217
007219
007220
007222
007223
007224
007225
007228
007230
007231
007232
007233
007237
007241
007243
007244
007245
007246
007250
007251
007253
007256
007257
007258
007259
007260
007261
007264
007266
007267
007269
007270
007271
007272
007275
007277
007278
007280
007282
007283
007285
007288
007290
007291
007293
007294
007297
007299
007300
007303
007304
007305
007308
007309
007310
007311
007315
007320
007321
007322
007323
007324
007325
007327
007330
007332
007335
007336
007337
007338
007340
007342
007343
007344
007346
007349
007351
007354
007357
007358
007361
007362
007370
007371
007372
007376
007378
007380
007382
007383
007384
007387
007388
007392
007395
007398
007399
007400
007401
007402
007403
007405
007407
007408
007409
007411
007413
007417
007418
007423
007424
007425
007426
007427
007428
007430
007431
007433
007436
007437
007438
007441
007442
007444
007447
007448
007450
007452
007454
007458
007459
007460
007463
007465
007466
007467
007470
007471
007474
007476
007477
007479
007480
000001
000004
000007
000009
000011
000012
000014
000015
000016
000017
000018
000023
000024
000027
000033
000035
000036
000037
000038
000042
000043
000044
000046
000047
000048
000049
000051
000052
000056
000059
000060
000064
000065
000067
000068
000071
000072
000073
000076
000079
000080
000081
000085
000087
000091
000092
000093
000095
000097
000098
000100
000101
000104
000105
000106
000108
000111
000114
000118
000121
000122
000123
000124
000125
000127
000128
000131
000132
000134
000135
000137
000138
000139
000141
000142
000143
000144
000145
000146
000147
000148
000149
000150
000151
000154
000155
000158
000159
000160
000161
000162
000164
000165
000166
000167
000168
000170
000171
000172
000177
000178
000179
000184
000186
000190
000191
000192
000195
000197
000200
000202
000203
000204
000205
000207
000216
000218
000219
000220
000221
000222
000225
000228
000229
000230
000231
000234
000235
000236
000237
000238
000246
000248
000249
000251
000253
000254
000255
000256
000257
000258
000260
000264
000265
000267
000268
000270
000271
000273
000274
000275
000276
000277
000281
000285
000286
000287
000289
000292
000295
000296
000297
000300
000301
000303
000306
000307
000308
000310
000316
000319
000322
000325
000326
000329
000330
000332
000333
000334
000336
000339
000341
000342
000344
000345
000347
000348
000349
000350
000351
000357
000359
000360
000361
000363
000364
000366
000367
000369
000371
000372
000374
000376
000378
000379
000380
000383
000384
000386
000387
000388
000389
000391
000394
000399
000400
000404
000405
000406
000409
000410
000411
000412
000413
000416
000419
000421
000422
000423
000427
000429
000432
000433
000434
000437
000438
000440
000445
000447
000448
000449
000451
000452
000453
000454
000457
000462
000468
000469
000471
000475
000479
000480
000481
000482
000483
000484
000486
000487
000488
000489
000490
000492
000494
000495
000496
000500
000501
000502
000503
000506
000508
000512
000513
000514
000515
000516
000518
000521
000522
000524
000525
000527
000533
000535
000536
000538
000540
000542
000551
000553
000555
000558
000559
000560
000561
000562
000565
000569
000571
000572
000576
000582
000583
000585
000586
000589
000591
000592
000593
000594
000595
000596
000599
000600
000601
000602
000605
000607
000610
000611
000613
000617
000618
000625
000628
000630
000631
000632
000635
000636
000638
000642
000643
000647
000650
000651
000652
000653
000654
000655
000657
000658
000659
000661
000663
000669
000674
000675
000679
000683
000684
000685
000687
000699
000700
000702
000705
000708
000712
000713
000715
000716
000718
000720
000722
000723
000724
000725
000727
000731
000732
000733
000735
000739
000741
000742
000743
000745
000747
000748
000749
000750
000752
000755
000756
000758
000762
000763
000764
000765
000767
000768
000771
000772
000773
000780
000785
000787
000788
000792
000794
000795
000796
000797
000798
000799
000800
000802
000803
000804
000805
000807
000808
000811
000812
000813
000814
000815
000816
000819
000820
000826
000829
000830
000832
000833
000836
000837
000840
000843
000846
000847
000848
000850
000853
000854
000855
000857
000861
000868
000869
000870
000871
000872
000873
000874
000876
000877
000878
000879
000881
000882
000886
000890
000892
000893
000896
000897
000899
000902
000904
000906
000908
000910
000911
000914
000916
000917
000918
000919
000923
000924
000928
000929
000931
000932
000933
000935
000936
000937
000938
000939
000940
000942
000943
000946
000948
000949
000956
000959
000960
000961
000962
000963
000964
000965
000966
000967
000968
000970
000971
000972
000974
000975
000979
000980
000982
000984
000985
000988
000992
000993
000998
000999
001004
001008
001013
001015
001016
001021
001022
001023
001027
001030
001032
001039
001043
001045
001046
001047
001049
001050
001052
001053
001054
001056
001058
001060
001063
001064
001068
001069
001070
001071
001072
001075
001076
001080
001081
001082
001083
001093
001094
001095
001098
001100
001101
001102
001103
001104
001106
001109
001111
001115
001117
001118
001128
001131
001132
001133
001136
001137
001138
001139
001140
001143
001145
001148
001149
001150
001152
001154
001157
001158
001159
001162
001165
001167
001168
001171
001172
001173
001175
001177
001184
001186
001188
001193
001194
001195
001198
001199
001200
001202
001207
001209
001211
001213
001216
001218
001225
001226
001227
001229
001230
001232
001236
001243
001244
001245
001247
001248
001251
001252
001255
001257
001262
001263
001264
001266
001267
001269
001270
001275
001276
001278
001280
001281
001286
001287
001289
001290
001291
001292
001295
001296
001298
001301
001303
001304
001305
001306
001307
001308
001310
001311
001313
001316
001317
001318
001319
001320
001321
001322
001326
001329
001330
001331
001334
001340
001341
001345
001346
001347
001349
001350
001351
001352
001355
001356
001359
001363
001366
001368
001370
001371
001373
001378
001383
001385
001387
001388
001390
001393
001396
001398
001399
001401
001402
001403
001404
001405
001407
001408
001409
001410
001413
001414
001419
001420
001424
001426
001429
001430
001435
001436
001438
001439
001442
001446
001447
001450
001452
001454
001455
001457
001459
001461
001463
001464
001465
001466
001467
001468
001469
001470
001471
001472
001479
001480
001481
001483
001484
001485
001488
001490
001491
001498
001499
001501
001503
001504
001505
001506
001507
001510
001511
001514
001515
001516
001517
001518
001522
001523
001524
001525
001527
001528
001530
001532
001533
001534
001536
001537
001538
001539
001542
001543
001546
001549
001556
001564
001565
001569
001572
001576
001577
001580
001588
001595
001600
001602
001603
001604
001607
001608
001612
001613
001616
001617
001621
001622
001624
001625
001627
001628
001630
001634
001637
001639
001640
001641
001644
001646
001648
001652
001658
001659
001660
001661
001663
001667
001671
001672
001674
001675
001681
001682
001684
001685
001686
001687
001688
001690
001691
001693
001696
001697
001701
001704
001705
001707
001708
001711
001712
001713
001714
001715
001716
001717
001718
001719
001722
001726
001727
001730
001737
001738
001741
001742
001744
001745
001747
001750
001751
001752
001753
001755
001756
001759
001760
001762
001763
001764
001766
001767
001770
001774
001776
001784
001785
001786
001787
001788
001790
001791
001792
001793
001794
001795
001798
001799
001802
001803
001806
001807
001808
001810
001812
001813
001814
001816
001818
001822
001824
001828
001836
001837
001840
001841
001842
001843
001844
001847
001850
001851
001853
001854
001855
001857
001858
001859
001861
001863
001869
001870
001871
001873
001874
001875
001876
001877
001880
001881
001884
001885
001888
001889
001890
001891
001892
001893
001895
001896
001906
001907
001908
001909
001910
001913
001914
001915
001916
001917
001918
001920
001921
001925
001928
001930
001931
001933
001934
001935
001936
001937
001940
001942
001943
001945
001950
001951
001952
001954
001956
001959
001961
001962
001963
001964
001965
001967
001972
001973
001975
001976
001978
001979
001981
001986
001987
001988
001989
001990
001991
001992
001997
002000
002005
002006
002007
002008
002010
002011
002012
002013
002014
002015
002017
002018
002021
002024
002025
002032
002037
002038
002040
002042
002044
002045
002046
002047
002052
002056
002060
002065
002066
002070
002071
002073
002074
002076
002082
002083
002084
002085
002086
002088
002091
002092
002094
002095
002096
002097
002104
002110
002113
002114
002115
002121
002123
002124
002125
002126
002133
002139
002140
002141
002142
002147
002149
002151
002154
002155
002157
002160
002161
002163
002165
002166
002170
002171
002172
002173
002175
002176
002177
002180
002181
002182
002186
002187
002188
002189
002190
002194
002197
002201
002202
002205
002206
002207
002209
002210
002212
002215
002217
002219
002221
002223
002224
002225
002228
002229
002230
002231
002238
002241
002242
002243
002245
002248
002251
002253
002258
002259
002260
002261
002262
002264
002266
002275
002278
002279
002280
002281
002282
002283
002284
002285
002286
002290
002291
002292
002293
002295
002297
002298
002301
002302
002304
002305
002307
002308
002309
002311
002314
002315
002317
002318
002319
002322
002325
002328
002331
002332
002333
002336
002337
002338
002339
002341
002344
002346
002347
002348
002349
002351
002353
002356
002362
002363
002369
002370
002371
002375
002377
002379
002381
002385
002386
002387
002388
002391
002393
002395
002396
002397
002417
002420
002425
002426
002427
002432
002433
002434
002435
002436
002440
002444
002446
002448
002451
002452
002458
002459
002461
002464
002465
002466
002467
002470
002471
002472
002473
002474
002475
002477
002480
002481
002483
002486
002487
002492
002496
002501
002502
002505
002506
002508
002510
002517
002519
002520
002521
002525
002526
002527
002530
002531
002532
002533
002535
002536
002537
002538
002540
002542
002546
002547
002548
002552
002556
002557
002561
002563
002565
002569
002571
002572
002573
002574
002576
002577
002578
002580
002581
002583
002584
002587
002588
002595
002596
002598
002599
002600
002603
002604
002607
002609
002613
002614
002616
002619
002622
002623
002625
002626
002627
002628
002630
002631
002632
002634
002635
002639
002640
002642
002644
002645
002646
002649
002650
002652
002653
002654
002656
002659
002661
002662
002663
002665
002666
002668
002672
002674
002678
002679
002681
002682
002683
002688
002690
002691
002692
002694
002699
002702
002703
002704
002706
002707
002708
002709
002711
002712
002713
002714
002715
002717
002720
002721
002722
002724
002725
002731
002734
002738
002740
002742
002744
002747
002748
002749
002752
002753
002754
002755
002758
002759
002760
002761
002762
002764
002765
002768
002771
002775
002778
002779
002782
002791
002792
002793
002794
002796
002800
002802
002803
002804
002807
002809
002814
002816
002818
002819
002821
002822
002823
002825
002828
002832
002833
002834
002835
002836
002838
002840
002843
002844
002847
002848
002850
002851
002859
002864
002866
002867
002870
002871
002873
002874
002883
002885
002889
002891
002892
002894
002899
002901
002907
002909
002910
002913
002914
002915
002917
002919
002922
002923
002924
002925
002926
002930
002932
002933
002936
002939
002940
002943
002944
002946
002947
002950
002951
002953
002954
002960
002961
002963
002964
002965
002966
002973
002977
002979
002980
002981
002985
002987
002988
002990
002991
002992
002998
002999
003000
003003
003005
003007
003008
003009
003013
003015
003017
003018
003020
003023
003025
003027
003029
003031
003033
003035
003036
003037
003039
003040
003041
003042
003046
003047
003048
003050
003051
003054
003055
003056
003057
003058
003065
003070
003071
003074
003084
003086
003088
003089
003091
003095
003096
003097
003106
003107
003108
003111
003112
003114
003116
003118
003120
003124
003125
003126
003129
003131
003132
003133
003136
003137
003138
003139
003140
003141
003142
003143
003146
003148
003149
003151
003152
003154
003156
003157
003159
003160
003163
003165
003169
003172
003173
003178
003179
003181
003183
003184
003187
003189
003191
003192
003194
003195
003199
003200
003201
003203
003206
003207
003210
003212
003214
003216
003217
003222
003224
003227
003229
003230
003231
003232
003233
003235
003236
003237
003238
003239
003244
003245
003246
003249
003250
003251
003253
003256
003259
003260
003262
003264
003272
003273
003275
003276
003278
003282
003285
003286
003289
003290
003293
003294
003296
003298
003300
003301
003302
003304
003305
003306
003309
003311
003314
003317
003318
003322
003323
003329
003334
003335
003336
003338
003340
003341
003343
003344
003345
003347
003351
003353
003354
003356
003359
003360
003361
003362
003363
003364
003365
003366
003367
003368
003369
003371
003372
003377
003378
003379
003380
003382
003385
003388
003390
003391
003393
003396
003397
003398
003401
003402
003403
003404
003409
003412
003415
003418
003419
003422
003425
003426
003427
003428
003429
003431
003434
003438
003440
003441
003442
003447
003450
003453
003455
003458
003459
003462
003464
003465
003466
003468
003469
003470
003471
003472
003473
003475
003477
003479
003480
003484
003485
003486
003487
003488
003489
003492
003493
003494
003495
003496
003498
003499
003500
003501
003502
003505
003507
003508
003509
003511
003513
003519
003522
003525
003527
003528
003530
003531
003534
003535
003537
003538
003539
003544
003545
003548
003549
003550
003551
003552
003553
003554
003556
003558
003561
003562
003563
003564
003566
003568
003572
003574
003580
003583
003585
003586
003589
003594
003597
003598
003599
003600
003601
003602
003603
003605
003606
003608
003609
003611
003612
003614
003616
003619
003622
003626
003627
003629
003630
003632
003639
003641
003642
003643
003644
003645
003646
003650
003651
003652
003654
003655
003657
003659
003663
003664
003666
003668
003673
003678
003679
003680
003682
003683
003684
003686
003687
003688
003689
003690
003692
003695
003697
003698
003701
003702
003706
003708
003710
003713
003714
003715
003716
003718
003719
003720
003722
003723
003725
003726
003727
003728
003729
003730
003735
003739
003740
003743
003744
003745
003750
003751
003752
003753
003754
003757
003758
003759
003763
003765
003767
003769
003775
003776
003781
003784
003785
003788
003790
003791
003792
003794
003801
003804
003805
003807
003809
003812
003813
003814
003815
003816
003818
003824
003826
003827
003832
003834
003839
003841
003844
003845
003846
003848
003850
003854
003856
003861
003863
003865
003866
003868
003869
003870
003871
003872
003873
003876
003878
003880
003884
003886
003887
003890
003891
003896
003897
003899
003900
003902
003906
003910
003912
003914
003916
003917
003919
003921
003923
003924
003925
003929
003930
003931
003933
003934
003935
003936
003937
003939
003940
003942
003943
003944
003945
003948
003949
003950
003952
003955
003958
003959
003960
003963
003964
003966
003968
003972
003973
003976
003977
003979
003980
003987
003991
003992
003993
003994
003995
003996
003999
004000
004001
004002
004003
004006
004009
004010
004011
004013
004016
004017
004018
004020
004022
004024
004027
004028
004029
004030
004031
004032
004035
004037
004039
004040
004041
004042
004046
004048
004054
004055
004056
004057
004058
004061
004062
004064
004065
004068
004069
004070
004071
004074
004075
004077
004080
004081
004082
004083
004084
004086
004088
004089
004090
004094
004097
004098
004100
004101
004104
004105
004107
004108
004113
004117
004119
004120
004121
004124
004126
004127
004129
004131
004132
004133
004134
004135
004137
004138
004139
004140
004141
004142
004144
004145
004148
004149
004150
004152
004153
004155
004156
004161
004169
004170
004173
004175
004177
004179
004181
004182
004185
004186
004187
004190
004191
004194
004195
004197
004198
004200
004201
004202
004204
004209
004210
004212
004214
004215
004216
004217
004218
004220
004221
004223
004227
004235
004236
004243
004244
004245
004248
004254
004255
004256
004257
004259
004264
004265
004267
004269
004270
004271
004273
004274
004275
004277
004278
004279
004282
004283
004284
004285
004286
004287
004288
004289
004291
004295
004296
004297
004300
004303
004304
004313
004314
004315
004317
004318
004319
004321
004322
004327
004328
004329
004330
004332
004334
004335
004336
004338
004340
004341
004342
004343
004349
004351
004353
004354
004358
004359
004362
004364
004365
004371
004374
004376
004377
004378
004379
004381
004382
004383
004384
004387
004388
004392
004394
004396
004397
004402
004403
004404
004406
004407
004408
004411
004413
004414
004415
004416
004417
004419
004422
004425
004431
004433
004435
004436
004441
004443
004447
004448
004453
004454
004456
004459
004460
004466
004473
004474
004475
004477
004479
004480
004481
004485
004487
004490
004499
004501
004504
004506
004510
004511
004512
004515
004517
004519
004522
004525
004527
004528
004530
004532
004533
004534
004537
004539
004547
004548
004553
004555
004556
004557
004558
004560
004561
004562
004563
004565
004567
004568
004569
004573
004574
004576
004577
004578
004581
004582
004585
004586
004588
004590
004591
004596
004599
004602
004603
004604
004607
004609
004610
004611
004612
004614
004615
004616
004617
004621
004623
004625
004626
004629
004630
004631
004635
004637
004639
004641
004644
004645
004647
004648
004649
004652
004654
004656
004657
004658
004659
004661
004665
004668
004669
004670
004671
004673
004675
004677
004680
004682
004683
004686
004687
004690
004692
004693
004694
004697
004698
004699
004702
004704
004705
004706
004707
004708
004709
004712
004714
004715
004718
004720
004722
004725
004726
004728
004729
004730
004735
004736
004737
004738
004740
004742
004743
004744
004745
004746
004747
004752
004753
004754
004756
004757
004758
004759
004766
004769
004770
004772
004774
004775
004776
004779
004781
004784
004788
004791
004792
004796
004799
004801
004804
004806
004808
004809
004810
004819
004821
004823
004824
004825
004827
004828
004832
004833
004835
004836
004837
004838
004839
004840
004843
004850
004852
004855
004857
004858
004859
004860
004862
004863
004864
004866
004867
004872
004875
004876
004880
004883
004884
004885
004886
004891
004893
004894
004897
004898
004899
004906
004907
004908
004910
004914
004917
004919
004921
004922
004923
004924
004926
004927
004928
004929
004936
004941
004944
004945
004947
004950
004952
004954
004955
004956
004957
004960
004963
004964
004965
004968
004969
004971
004978
004981
004982
004983
004985
004987
004989
004991
004992
004993
004995
004998
004999
005002
005008
005009
005011
005012
005013
005015
005019
005023
005025
005027
005028
005039
005041
005043
005046
005047
005048
005053
005055
005056
005058
005060
005061
005062
005063
005064
005065
005067
005068
005069
005070
005071
005073
005074
005075
005077
005080
005081
005082
005083
005086
005088
005092
005093
005094
005096
005097
005098
005101
005102
005108
005110
005112
005113
005114
005116
005117
005118
005119
005123
005125
005132
005133
005134
005137
005138
005141
005143
005146
005147
005148
005149
005151
005153
005155
005158
005159
005163
005164
005166
005167
005168
005169
005170
005171
005174
005176
005177
005181
005182
005187
005191
005194
005195
005196
005200
005201
005203
005204
005205
005209
005210
005211
005213
005214
005215
005217
005220
005222
005226
005228
005229
005232
005234
005235
005236
005237
005238
005239
005240
005242
005244
005245
005246
005248
005249
005250
005253
005254
005256
005258
005260
005261
005262
005263
005264
005268
005270
005271
005272
005273
005275
005277
005278
005281
005282
005284
005287
005288
005294
005297
005298
005299
005302
005303
005308
005309
005311
005312
005313
005314
005316
005318
005320
005321
005322
005323
005325
005326
005328
005331
005334
005336
005337
005338
005339
005342
005343
005344
005348
005352
005353
005354
005355
005356
005357
005360
005362
005363
005364
005366
005369
005370
005373
005374
005375
005377
005378
005380
005382
005383
005384
005390
005391
005396
005400
005402
005403
005405
005412
005413
005414
005419
005428
005430
005431
005434
005436
005437
005444
005447
005448
005451
005452
005453
005454
005455
005457
005460
005462
005467
005468
005469
005471
005472
005473
005474
005475
005476
005482
005483
005484
005491
005495
005496
005497
005498
005501
005502
005503
005505
005506
005507
005508
005509
005510
005511
005512
005516
005517
005518
005520
005521
005522
005523
005525
005528
005532
005536
005538
005542
005543
005544
005545
005548
005549
005552
005553
005555
005557
005558
005561
005562
005565
005566
005568
005569
005571
005572
005573
005575
005579
005581
005582
005587
005592
005598
005603
005604
005608
005609
005612
005615
005617
005619
005620
005621
005623
005626
005633
005634
005635
005638
005640
005642
005645
005646
005649
005650
005651
005652
005653
005654
005656
005658
005661
005663
005666
005667
005668
005671
005674
005675
005676
005680
005681
005682
005685
005688
005691
005692
005693
005700
005702
005703
005704
005705
005706
005709
005712
005713
005714
005715
005717
005718
005719
005720
005721
005725
005726
005727
005728
005734
005737
005738
005739
005742
005743
005748
005750
005751
005752
005753
005754
005756
005758
005763
005770
005773
005774
005776
005780
005782
005785
005786
005787
005788
005790
005791
005792
005795
005796
005798
005807
005809
005810
005811
005812
005813
005814
005815
005816
005824
005827
005831
005833
005834
005837
005838
005839
005840
005841
005846
005848
005849
005852
005853
005855
005856
005857
005858
005859
005860
005861
005866
005868
005871
005872
005873
005874
005878
005882
005886
005891
005892
005893
005900
005905
005908
005909
005910
005911
005912
005913
005914
005915
005916
005920
005921
005922
005923
005925
005926
005927
005929
005932
005935
005938
005939
005944
005945
005949
005950
005952
005957
005959
005963
005965
005968
005971
005981
005983
005984
005985
005986
005987
005988
005991
005995
005997
005998
006000
006001
006003
006004
006007
006008
006010
006011
006012
006023
006024
006032
006033
006036
006038
006040
006041
006042
006045
006046
006047
006048
006049
006054
006059
006063
006064
006067
006068
006069
006070
006071
006072
006078
006079
006080
006081
006082
006083
006084
006088
006092
006100
006102
006104
006106
006108
006109
006111
006112
006116
006118
006119
006121
006122
006123
006127
006130
006133
006134
006136
006137
006138
006139
006141
006144
006145
006148
006153
006154
006160
006162
006165
006168
006172
006173
006174
006175
006176
006177
006179
006189
006190
006196
006202
006203
006204
006205
006207
006208
006210
006211
006212
006213
006217
006219
006220
006224
006225
006229
006232
006235
006236
006238
006239
006241
006245
006247
006248
006249
006250
006252
006253
006254
006255
006256
006260
006262
006263
006264
006265
006267
006268
006272
006276
006277
006279
006280
006281
006282
006286
006287
006288
006289
006290
006291
006293
006295
006296
006297
006298
006300
006307
006309
006312
006313
006314
006316
006318
006320
006323
006326
006327
006328
006330
006331
006334
006335
006339
006340
006343
006344
006345
006352
006358
006361
006362
006363
006364
006366
006367
006369
006374
006375
006376
006377
006380
006384
006385
006386
006387
006389
006390
006394
006395
006396
006400
006402
006403
006405
006407
006409
006410
006412
006413
006414
006415
006417
006418
006419
006420
006421
006422
006423
006424
006427
006428
006431
006432
006433
006436
006437
006438
006439
006441
006442
006443
006444
006446
006447
006449
006450
006452
006453
006456
006457
006459
006461
006463
006464
006465
006467
006469
006470
006473
006475
006476
006477
006478
006481
006482
006484
006488
006491
006492
006495
006496
006497
006498
006499
006500
006501
006503
006505
006507
006508
006511
006512
006513
006517
006523
006524
006528
006529
006533
006536
006542
006543
006544
006545
006546
006551
006555
006557
006559
006561
006562
006564
006565
006567
006569
006570
006571
006574
006577
006578
006580
006582
006583
006586
006587
006589
006590
006593
006595
006603
006604
006605
006608
006609
006610
006613
006614
006615
006616
006619
006623
006624
006625
006626
006627
006631
006633
006634
006635
006636
006637
006639
006640
006642
006643
006645
006649
006650
006651
006655
006658
006667
006668
006670
006673
006680
006681
006682
006684
006689
006691
006693
006696
006698
006700
006702
006703
006704
006708
006711
006712
006713
006714
006715
006716
006717
006718
006719
006721
006723
006724
006726
006728
006729
006730
006733
006736
006737
006738
006740
006741
006743
006744
006745
006747
006756
006757
006759
006760
006761
006762
006766
006768
006770
006771
006773
006775
006777
006779
006780
006781
006782
006785
006786
006788
006789
006790
006791
006792
006794
006800
006801
006803
006805
006809
006810
006811
006813
006814
006815
006818
006820
006823
006825
006826
006827
006828
006829
006832
006836
006838
006840
006841
006842
006844
006846
006847
006848
006849
006851
006852
006853
006854
006855
006856
006857
006858
006859
006862
006863
006865
006870
006872
006874
006876
006877
006883
006884
006886
006887
006889
006893
006895
006902
006904
006906
006907
006908
006910
006911
006912
006913
006915
006918
006922
006923
006924
006925
006926
006927
006928
006929
006932
006933
006937
006939
006943
006944
006946
006948
006950
006952
006953
006954
006956
006957
006958
006959
006960
006961
006962
006964
006969
006970
006971
006973
006974
006975
006978
006980
006984
006985
006989
006991
006993
006995
006997
006998
006999
007001
007006
007007
007008
007011
007012
007013
007014
007015
007016
007018
007019
007020
007022
007026
007029
007030
007031
007038
007041
007042
007043
007044
007046
007049
007052
007055
007056
007058
007061
007066
007070
007071
007078
007079
007083
007086
007087
007092
007094
007096
007098
007099
007100
007101
007102
007103
007105
007107
007109
007113
007114
007116
007118
007119
007120
007121
007122
007124
007125
007127
007128
007129
007130
007133
007134
007135
007136
007139
007141
007142
007146
007152
007156
007157
007160
007161
007162
007163
007164
007167
007168
007171
007174
007179
007180
007183
007184
007189
007192
007193
007195
007196
007197
007199
007200
007201
007202
007203
007204
007205
007206
007207
007210
007211
007213
007218
007221
007226
007227
007229
007234
007235
007236
007238
007239
007240
007242
007247
007248
007249
007252
007254
007255
007262
007263
007265
007268
007273
007274
007276
007279
007281
007284
007286
007287
007289
007292
007295
007296
007298
007301
007302
007306
007307
007312
007313
007314
007316
007317
007318
007319
007326
007328
007329
007331
007333
007334
007339
007341
007345
007347
007348
007350
007352
007353
007355
007356
007359
007360
007363
007364
007365
007366
007367
007368
007369
007373
007374
007375
007377
007379
007381
007385
007386
007389
007390
007391
007393
007394
007396
007397
007404
007406
007410
007412
007414
007415
007416
007419
007420
007421
007422
007429
007432
007434
007435
007439
007440
007443
007445
007446
007449
007451
007453
007455
007456
007457
007461
007462
007464
007468
007469
007472
007473
007475
007478
